1824.148071 0.0 1918.865479
0.0 1824.192749 1102.831055
0.0 0.0 1.0

1812.849609 0.0 1915.166748
0.0 1812.168701 1096.30481
0.0 0.0 1.0

1810.259888 0.0 1918.890869
0.0 1810.262939 1098.107178
0.0 0.0 1.0

1826.830078 0.0 1918.083496
0.0 1826.364624 1105.469849
0.0 0.0 1.0

1827.707031 0.0 1906.26001
0.0 1828.352783 1109.11438
0.0 0.0 1.0

1814.884888 0.0 1919.075684
0.0 1814.117554 1085.831055
0.0 0.0 1.0

1820.358032 0.0 1922.739624
0.0 1820.472656 1091.320312
0.0 0.0 1.0

1819.835205 0.0 1921.450317
0.0 1820.26062 1094.939575
0.0 0.0 1.0

1814.416626 0.0 1916.885376
0.0 1813.931641 1098.022095
0.0 0.0 1.0

1824.155273 0.0 1908.622437
0.0 1824.668457 1104.451538
0.0 0.0 1.0

1826.421997 0.0 1910.924316
0.0 1825.819214 1099.983032
0.0 0.0 1.0

1808.090576 0.0 1916.046021
0.0 1807.019287 1100.230347
0.0 0.0 1.0

1821.566406 0.0 1908.245605
0.0 1821.388184 1104.234741
0.0 0.0 1.0

1823.322266 0.0 1922.373657
0.0 1823.559204 1095.255615
0.0 0.0 1.0

1812.443359 0.0 1909.698486
0.0 1812.317871 1107.481812
0.0 0.0 1.0

1803.185547 0.0 1915.63562
0.0 1802.962646 1100.989624
0.0 0.0 1.0

1817.530762 0.0 1906.185059
0.0 1817.426147 1095.473999
0.0 0.0 1.0

1833.752686 0.0 1881.598633
0.0 1833.602051 1112.501221
0.0 0.0 1.0

1829.459839 0.0 1899.56543
0.0 1829.158447 1101.290161
0.0 0.0 1.0

1823.907837 0.0 1921.338379
0.0 1822.971436 1095.54248
0.0 0.0 1.0

1821.17334 0.0 1919.128052
0.0 1821.269531 1081.071777
0.0 0.0 1.0

1818.46167 0.0 1912.036743
0.0 1818.310791 1096.487549
0.0 0.0 1.0

1808.804688 0.0 1888.977051
0.0 1807.578003 1092.891846
0.0 0.0 1.0

1820.876709 0.0 1908.545044
0.0 1820.648926 1090.39624
0.0 0.0 1.0

1826.015869 0.0 1923.231445
0.0 1825.816162 1090.045044
0.0 0.0 1.0

1812.494873 0.0 1924.579346
0.0 1812.006714 1085.634155
0.0 0.0 1.0

1804.954712 0.0 1912.263306
0.0 1804.380249 1094.470947
0.0 0.0 1.0

1821.391724 0.0 1922.080688
0.0 1820.984741 1111.98877
0.0 0.0 1.0

1824.285645 0.0 1918.910889
0.0 1824.420776 1093.508545
0.0 0.0 1.0

1836.061646 0.0 1905.776367
0.0 1835.656616 1107.797119
0.0 0.0 1.0

